{
 "cells": [
  {
   "cell_type": "code",
   "execution_count": 1,
   "id": "c70a61a3-13b2-44af-b9aa-1292b922a7fa",
   "metadata": {
    "tags": []
   },
   "outputs": [
    {
     "name": "stderr",
     "output_type": "stream",
     "text": [
      "/global/cfs/cdirs/m3246/rikab/dimuonAD/helpers/physics_functions.py:380: SyntaxWarning: invalid escape sequence '\\s'\n",
      "  label_string = str(round(100*threshold, 2))+\"% FPR: $S/B$: \"+str(round(S_over_B,4))+\", $S/\\sqrt{B}$: \"+str(round(significance,4))\n",
      "/global/cfs/cdirs/m3246/rikab/dimuonAD/helpers/physics_functions.py:392: SyntaxWarning: invalid escape sequence '\\m'\n",
      "  plt.xlabel(\"$M_{\\mu\\mu}$ [GeV]\", fontsize = 24)\n"
     ]
    },
    {
     "data": {
      "text/plain": [
       "{'divide': 'warn', 'over': 'warn', 'under': 'ignore', 'invalid': 'warn'}"
      ]
     },
     "execution_count": 1,
     "metadata": {},
     "output_type": "execute_result"
    }
   ],
   "source": [
    "import numpy as np\n",
    "import matplotlib.pyplot as plt\n",
    "import pickle\n",
    "from tqdm import tqdm\n",
    "\n",
    "\n",
    "from helpers.physics_functions import bkg_fit_cubic, bkg_fit_septic, bkg_fit_quintic, get_bins, select_top_events_fold, curve_fit_m_inv, calc_significance, get_errors_bkg_fit_ratio, calculate_test_statistic\n",
    "from helpers.evaluation import get_median_percentiles\n",
    "from helpers.plotting import newplot, hist_with_outline, hist_with_errors, function_with_band, stamp\n",
    "# warnings.filterwarnings(\"ignore\", category=UserWarning, module=\"matplotlib.font_manager\")\n",
    "\n",
    "# Try to load LaTeX\n",
    "latex_flag = False\n",
    "np.seterr(divide='ignore')\n",
    "\n",
    "# try:\n",
    "#     plt.rc('text', usetex=True)\n",
    "#     plt.rc('font', family='serif')\n",
    "#     fig, ax = newplot(\"full\", use_tex = True)\n",
    "#     print(\"Loaded LaTeX\")\n",
    "#     latex_flag = True\n",
    "# except:\n",
    "#     print(\"Could not load LaTeX\")\n",
    "#     latex_flag = False  \n",
    "# latex_flag = False"
   ]
  },
  {
   "cell_type": "markdown",
   "id": "1c9131a5-14ad-48b6-af76-17d7b0ac5b12",
   "metadata": {},
   "source": [
    "This notebook should be run twice:\n",
    "\n",
    "1. `train_samesign = False` gives the \"standard\" results. i.e. we run the studies on the OS samples\n",
    "2. `train_samesign = True` comes from running the Ml study on the SS samples.\n",
    "\n",
    "**CAUTION**: for the histograms, we are truly showing the significance as $\\frac{S}{\\sqrt{B+{\\sigma_B}^2}}$, i.e. we are accounting for the background error. For the ROC curves, this error is *NOT* being taken into account (it's not clear to me that we want this background error when we are just citing the background yield for the FPR)"
   ]
  },
  {
   "cell_type": "code",
   "execution_count": 2,
   "id": "cad6c7ec-8adf-4883-b5c7-0f0a02043d51",
   "metadata": {
    "tags": []
   },
   "outputs": [],
   "source": [
    "import yaml\n",
    "with open(\"workflow.yaml\", \"r\") as file:\n",
    "    workflow = yaml.safe_load(file) \n",
    "    \n",
    "feature_id = \"mix_2\"\n",
    "bootstrap_flow = 0 # don't change this from 0\n",
    "\n",
    "train_samesign = False\n",
    "# somewhat complicated code to set naming conventions\n",
    "if train_samesign:\n",
    "    train_data_id = \"SS\"\n",
    "else:\n",
    "    train_data_id = \"OS\"\n",
    "\n",
    "# train on opp sign means alt test set is samesign\n",
    "if train_data_id == \"OS\": \n",
    "    alt_test_data_id = \"SS\"\n",
    "elif train_data_id == \"SS\": \n",
    "    alt_test_data_id = \"OS\"\n",
    "\n",
    "configs = \"CATHODE_8\"\n",
    "\n",
    "\n",
    "# pickles contain all the results from the BDT training\n",
    "working_dir = workflow[\"file_paths\"][\"working_dir\"]\n",
    "processed_data_dir = workflow[\"file_paths\"][\"data_storage_dir\"] +\"/projects/\"+workflow[\"analysis_keywords\"][\"name\"]+\"/processed_data\"\n",
    "flow_training_dir = workflow[\"file_paths\"][\"data_storage_dir\"] +\"/projects/\" + workflow[\"analysis_keywords\"][\"name\"]+f\"/models/bootstrap{bootstrap_flow}_{train_data_id}/{feature_id}/{configs}/\"\n",
    "pickle_save_dir = workflow[\"file_paths\"][\"data_storage_dir\"] +\"/projects/\" + workflow[\"analysis_keywords\"][\"name\"]+f\"/pickles/bootstrap{bootstrap_flow}_{train_data_id}/{feature_id}/\"\n",
    "plot_data_dir = \"plot_data/\"\n",
    "\n",
    "# basically hard-coded for the PRL \n",
    "num_pseudoexperiments = 101\n",
    "n_folds = 5"
   ]
  },
  {
   "cell_type": "code",
   "execution_count": 3,
   "id": "1d2a485b",
   "metadata": {},
   "outputs": [],
   "source": [
    "num_bins_SR = 12 # 16, 12, 8\n",
    "\n",
    "pseudo_e_to_plot = 0 # this plots the actual data (not a boostrapped version)\n",
    "fit_type = \"quintic\" # \"cubic\", \"quintic\", septic\n",
    "if fit_type == \"cubic\": fit_function = bkg_fit_cubic\n",
    "if fit_type == \"quintic\": fit_function = bkg_fit_quintic\n",
    "if fit_type == \"septic\": fit_function = bkg_fit_septic\n"
   ]
  },
  {
   "cell_type": "code",
   "execution_count": 4,
   "id": "a73e9288-aed1-4383-959a-cbbc5ae3c3d7",
   "metadata": {
    "tags": []
   },
   "outputs": [
    {
     "name": "stdout",
     "output_type": "stream",
     "text": [
      "5.0 16.0\n",
      "upsilon_OS\n"
     ]
    }
   ],
   "source": [
    "SB_left = float(workflow[\"window_definitions\"][workflow[\"analysis_keywords\"][\"particle\"]][\"SB_left\"])\n",
    "SR_left = float(workflow[\"window_definitions\"][workflow[\"analysis_keywords\"][\"particle\"]][\"SR_left\"])\n",
    "SR_right = float(workflow[\"window_definitions\"][workflow[\"analysis_keywords\"][\"particle\"]][\"SR_right\"])\n",
    "SB_right = float(workflow[\"window_definitions\"][workflow[\"analysis_keywords\"][\"particle\"]][\"SB_right\"])\n",
    "\n",
    "print(SB_left, SB_right)\n",
    "\n",
    "\n",
    "data_prefix = f\"upsilon_{train_data_id}\"\n",
    "print(data_prefix)"
   ]
  },
  {
   "cell_type": "markdown",
   "id": "fe1d54f5",
   "metadata": {},
   "source": [
    "# Load in the original data"
   ]
  },
  {
   "cell_type": "code",
   "execution_count": 5,
   "id": "c92df6ca",
   "metadata": {},
   "outputs": [],
   "source": [
    "# # load in the data corresponding to the train id\n",
    "# # we actually want the \"test band\" here -- train is just for flow\n",
    "# with open(f\"{working_dir}/processed_data/{project_id}_{particle_type}{train_data_id}_{jet_id}_test_band_data\", \"rb\") as infile: \n",
    "#     test_data_dict = pickle.load(infile)\n",
    "\n",
    "# with open(f\"{working_dir}/models/{project_id}_{particle_type}{train_data_id}_{jet_id}/{flow_id}/{config_id}/seed1/configs.txt\", \"rb\") as infile: \n",
    "#     configs = infile.readlines()[0].decode(\"utf-8\")\n",
    "    \n",
    "#     feature_set = [x.strip() for x in configs.split(\"'\")][1::2]\n",
    "\n",
    "# print(f\"Feature Set: {feature_set}\")"
   ]
  },
  {
   "cell_type": "markdown",
   "id": "5820f9de-9e16-4ab1-8e6f-47d1207935f4",
   "metadata": {},
   "source": [
    "## Load in the BDT results"
   ]
  },
  {
   "cell_type": "code",
   "execution_count": 6,
   "id": "2968f688",
   "metadata": {},
   "outputs": [
    {
     "name": "stdout",
     "output_type": "stream",
     "text": [
      "Loading data from /global/cfs/cdirs/m3246/rmastand/dimuonAD//projects/upsilon_iso_12_03/models/bootstrap0_OS/mix_2/CATHODE_8/\n",
      "Feature Set: ['dimu_pt', 'mu0_ip3d', 'mu1_ip3d', 'dimu_mass']\n"
     ]
    }
   ],
   "source": [
    "\n",
    "print(f\"Loading data from {flow_training_dir}\")\n",
    "with open(f\"{flow_training_dir}/seed1/configs.txt\", \"rb\") as infile: \n",
    "    configs = infile.readlines()[0].decode(\"utf-8\")\n",
    "    feature_set = [x.strip() for x in configs.split(\"'\")][1::2]\n",
    "\n",
    "print(f\"Feature Set: {feature_set}\")"
   ]
  },
  {
   "cell_type": "code",
   "execution_count": 7,
   "id": "66841771-559c-47ad-aa75-7c7719d4747b",
   "metadata": {
    "tags": []
   },
   "outputs": [
    {
     "name": "stdout",
     "output_type": "stream",
     "text": [
      "True\n",
      "True\n",
      "True\n",
      "True\n"
     ]
    },
    {
     "name": "stderr",
     "output_type": "stream",
     "text": [
      "/global/homes/r/rikab/.conda/envs/rikab/lib/python3.12/site-packages/sklearn/base.py:376: InconsistentVersionWarning: Trying to unpickle estimator StandardScaler from version 1.3.0 when using version 1.5.1. This might lead to breaking code or invalid results. Use at your own risk. For more info please refer to:\n",
      "https://scikit-learn.org/stable/model_persistence.html#security-maintainability-limitations\n",
      "  warnings.warn(\n"
     ]
    }
   ],
   "source": [
    "# if train_samesign = False, this loads in the OS test data\n",
    "# test \n",
    "\n",
    "\n",
    "def load_in_pseudoexperiments(file_string, num_pseudoexps):\n",
    "\n",
    "    master_dict = {}\n",
    "\n",
    "    with open(f\"{pickle_save_dir}/{file_string}_{fit_type}_{num_bins_SR}_0_1\", \"rb\") as ifile:\n",
    "        loc_dict = pickle.load(ifile)\n",
    "    master_dict = {**loc_dict}\n",
    "    # load in the bootstraps\n",
    "    for i in range(1, num_pseudoexps):\n",
    "        with open(f\"{pickle_save_dir}/bkg_samples/bootstrap{i}/{file_string}_{fit_type}_{num_bins_SR}_0_1\", \"rb\") as ifile:\n",
    "            loc_dict = pickle.load(ifile)\n",
    "            master_dict[i] = loc_dict[0]\n",
    "    return master_dict\n",
    "\n",
    "num_to_plot = num_pseudoexperiments\n",
    "\n",
    "all_test_data_splits = load_in_pseudoexperiments(\"all_test_data_splits\", num_to_plot)\n",
    "print(len(all_test_data_splits.keys())==num_pseudoexperiments)\n",
    "\n",
    "# test scores\n",
    "all_scores_splits = load_in_pseudoexperiments(\"all_scores_splits\", num_to_plot)\n",
    "print(len(all_scores_splits.keys())==num_pseudoexperiments)\n",
    "\n",
    "# alt data\n",
    "# if train_samesign = False, this loads in the SS test data, OS high-stats data, and OS flow samples\n",
    "# if train_samesign = True, this loads in the OS test data, SS high-stats data, and SS flow samples\n",
    "all_alt_data_splits = load_in_pseudoexperiments(\"all_alt_data_splits\", num_to_plot)\n",
    "print(len(all_alt_data_splits.keys())==num_pseudoexperiments)\n",
    "# alt scores\n",
    "all_alt_scores_splits = load_in_pseudoexperiments(\"all_alt_scores_splits\", num_to_plot)\n",
    "\n",
    "print(len(all_alt_scores_splits.keys())==num_pseudoexperiments)\n",
    "\n",
    "with open(f\"{processed_data_dir}/mass_scaler_bootstrap{bootstrap_flow}\", \"rb\") as ifile:\n",
    "    scaler = pickle.load(ifile)\n",
    "    \n",
    "with open(f\"{processed_data_dir}/preprocessing_info_bootstrap{bootstrap_flow}\", \"rb\") as ifile:\n",
    "     preprocessing_info = pickle.load(ifile)"
   ]
  },
  {
   "cell_type": "markdown",
   "id": "5ef53bfa-2988-4ecc-909f-f722394c2f21",
   "metadata": {},
   "source": [
    "## Plot histograms for a small number of FPR thresholds"
   ]
  },
  {
   "cell_type": "code",
   "execution_count": 8,
   "id": "aaaa44e8",
   "metadata": {},
   "outputs": [],
   "source": [
    "fpr_thresholds = [1, 0.25, 0.1, 0.05, 0.01, 0.005, 0.001]\n",
    "\n",
    "\n",
    "# Save the FPR thresholds\n",
    "with open(f\"{plot_data_dir}{data_prefix}_fpr_thresholds\", \"wb\") as ofile:\n",
    "    pickle.dump(fpr_thresholds, ofile)\n",
    "\n",
    "# determine score cutoffs for each pseudoexperiments\n",
    "score_cutoffs = {pseudo_e:{i:{threshold:0 for threshold in fpr_thresholds} for i in range(n_folds)} for pseudo_e in range(num_pseudoexperiments)}\n",
    "\n",
    "for pseudo_e in range(num_pseudoexperiments):\n",
    "    for i_fold in range(n_folds):\n",
    "        \n",
    "        loc_scores_sorted = np.sort(1.0-all_alt_scores_splits[pseudo_e][\"FPR_validation\"][i_fold])\n",
    "        \n",
    "        for threshold in fpr_thresholds:\n",
    "            \n",
    "            loc_score_cutoff = 1-loc_scores_sorted[min(int(threshold*len(loc_scores_sorted)),len(loc_scores_sorted)-1)]\n",
    "            score_cutoffs[pseudo_e][i_fold][threshold] = loc_score_cutoff"
   ]
  },
  {
   "cell_type": "code",
   "execution_count": 9,
   "id": "6fc36dd7",
   "metadata": {},
   "outputs": [],
   "source": [
    "def plot_upsilon_resonances(ax):\n",
    "\n",
    "    \n",
    "    # plot the upsilon resonances\n",
    "    ax.axvline(9.460, color=\"black\", linestyle=\"--\", alpha=0.15)\n",
    "    # ax.text(9.460 * 0.995, 1e4, r\"$\\Upsilon(1S)$\", rotation=90, verticalalignment=\"center\", horizontalalignment=\"right\", fontsize=10)\n",
    "    ax.axvline(10.023, color=\"black\", linestyle=\"--\", alpha=0.15)\n",
    "    # ax.text(10.023 * 0.995, 1e4, r\"$\\Upsilon(2S)$\", rotation=90, verticalalignment=\"center\", horizontalalignment=\"right\", fontsize=10)\n",
    "    ax.axvline(10.355, color=\"black\", linestyle=\"--\", alpha=0.15)\n",
    "    # ax.text(10.355 * 0.995, 1e4, r\"$\\Upsilon(3S)$\", rotation=90, verticalalignment=\"center\", horizontalalignment=\"right\", fontsize=10)\n",
    "    ax.axvline(10.580, color=\"black\", linestyle=\"--\", alpha=0.15)\n",
    "    # ax.text(10.580 * 0.995, 1e4, r\"$\\Upsilon(4S)$\", rotation=90, verticalalignment=\"center\", horizontalalignment=\"right\", fontsize=10)\n",
    "    # ax.axvline(11.020, color=\"black\", linestyle=\"--\", alpha=0.15)\n",
    "    # ax.text(11.020 * 0.995, 1e4, r\"$\\Upsilon(5S)$\", rotation=90, verticalalignment=\"center\", horizontalalignment=\"right\", fontsize=10)"
   ]
  },
  {
   "cell_type": "code",
   "execution_count": 10,
   "id": "1079e4d4-69df-4b01-99e8-caccc935c86e",
   "metadata": {
    "tags": []
   },
   "outputs": [
    {
     "name": "stderr",
     "output_type": "stream",
     "text": [
      "<>:107: SyntaxWarning: invalid escape sequence '\\m'\n",
      "<>:107: SyntaxWarning: invalid escape sequence '\\m'\n",
      "/tmp/ipykernel_109703/869024531.py:107: SyntaxWarning: invalid escape sequence '\\m'\n",
      "  plt.xlabel(\"$M_{\\mu\\mu}$ [GeV]\", fontsize = 18)\n"
     ]
    }
   ],
   "source": [
    "def plot_histograms_with_fits(fpr_thresholds, data_dict_by_fold, scores_dict_by_fold, score_cutoffs_by_fold, mass_scalar, fit_type, title, SB_left, SR_left, SR_right, SB_right, n_folds= 5, take_score_avg=True,):\n",
    "    \n",
    "\n",
    "    save_data = {}\n",
    "    save_data[\"fpr_thresholds\"] = fpr_thresholds\n",
    "    save_data[\"fit_type\"] = fit_type\n",
    "    save_data[\"num_bins_SR\"] = num_bins_SR\n",
    "    save_data[\"popts\"] = []\n",
    "    save_data[\"pcovs\"] = []\n",
    "    save_data[\"significances\"] = []\n",
    "    save_data[\"filtered_masses\"] = []\n",
    "    save_data[\"y_vals\"] = []\n",
    "\n",
    "\n",
    "    if fit_type == \"cubic\": fit_function = bkg_fit_cubic\n",
    "    elif fit_type == \"quintic\": fit_function = bkg_fit_quintic\n",
    "    elif fit_type == \"septic\": fit_function = bkg_fit_septic\n",
    "\n",
    "    # define bins and bin edges for the SB and SR\n",
    "    # change the bin width with `num_bins_SR`\n",
    "    plot_bins_all, plot_bins_SR, plot_bins_left, plot_bins_right, plot_centers_all, plot_centers_SR, plot_centers_SB = get_bins(SR_left, SR_right, SB_left, SB_right, num_bins_SR = num_bins_SR)\n",
    "\n",
    "\n",
    "\n",
    "\n",
    "    fig, ax = newplot(\"full\", width = 12, height = 9, use_tex = latex_flag)\n",
    "    for t, threshold in enumerate(fpr_thresholds):\n",
    "        \n",
    "        filtered_masses = []\n",
    "\n",
    "        # for each fold, select the events that meet the fpr threshold\n",
    "        for i_fold in range(n_folds):\n",
    "            loc_true_masses = mass_scalar.inverse_transform(np.array(data_dict_by_fold[i_fold][:,-1]).reshape(-1,1))\n",
    "            if take_score_avg:\n",
    "                loc_scores = np.mean(scores_dict_by_fold[i_fold], axis = 1)\n",
    "            else:\n",
    "                loc_scores = scores_dict_by_fold[i_fold]\n",
    "            loc_filtered_masses, loc_SBL_eff, loc_SBH_eff, loc_SR_eff = select_top_events_fold(loc_true_masses, loc_scores, score_cutoffs_by_fold[i_fold][threshold],plot_bins_left, plot_bins_right, plot_bins_SR)\n",
    "            filtered_masses.append(loc_filtered_masses)\n",
    "        # consolidate the fold information\n",
    "        filtered_masses = np.concatenate(filtered_masses)\n",
    "\n",
    "        # get the fit function to SB background\n",
    "        popt, pcov, chi2, y_vals, n_dof = curve_fit_m_inv(filtered_masses, fit_type, SR_left, SR_right, plot_bins_left, plot_bins_right, plot_centers_SB)\n",
    "        #print(\"chi2/dof:\", chi2/n_dof)\n",
    "        print(pcov)\n",
    "    \n",
    "        \n",
    "        # plot the fit function\n",
    "        plt.plot(plot_centers_all, fit_function(plot_centers_all, *popt), lw = 2, linestyle = \"dashed\", color = f\"C{t}\")    \n",
    "        function_with_band(ax, fit_function, [SB_left, SB_right], popt, pcov, color = f\"C{t}\")\n",
    "\n",
    "# def function_with_band(ax, f, range, params, pcov = None, color = \"purple\", alpha_line = 0.75, alpha_band = 0.25, lw = 3,  **kwargs):\n",
    "\n",
    "\n",
    "        # calculate significance of bump\n",
    "        num_S_expected_in_SR, num_B_expected_in_SR = calc_significance(filtered_masses, fit_function, plot_bins_SR, plot_centers_SR, SR_left, SR_right, popt)\n",
    "        S, B, q0 = calculate_test_statistic(filtered_masses, fit_function, fit_type, plot_bins_SR, plot_centers_SR, SR_left, SR_right, popt, pcov)\n",
    "\n",
    "        # test_statistic(masses, fit_function, fit_type, plot_bins_SR, plot_centers_SR, SR_left, SR_right, popt, pcov, ONE_SIDED = True, verbose = False)\n",
    "\n",
    "        y_err = get_errors_bkg_fit_ratio(popt, pcov, plot_centers_SR, fit_type)\n",
    "        B_error = np.sqrt(np.sum(y_err**2))\n",
    "        S_over_B = num_S_expected_in_SR/num_B_expected_in_SR\n",
    "        total_events = len(filtered_masses)\n",
    "\n",
    "\n",
    "\n",
    "        label_string = str(round(100*threshold, 2))+\"% FPR: \"+str(total_events)+\" events,  $Z_0$: \"+str(round(np.sqrt(q0),2))\n",
    "\n",
    "        # hist_with_errors(ax, filtered_masses, bins = plot_bins_all, range = (SB_left, SB_right), lw = 3, color = f\"C{t}\",label = label_string)\n",
    "        # hist_with_outline(ax, filtered_masses, bins = plot_bins_all, range = (SB_left, SB_right), lw = 3, color = f\"C{t}\",label = label_string)\n",
    "        plt.hist(filtered_masses, bins = plot_bins_all, lw = 3, histtype = \"step\", color = f\"C{t}\",label = label_string, alpha = 0.75)\n",
    "        plt.scatter(plot_centers_SB, y_vals, color = f\"C{t}\")\n",
    "\n",
    "\n",
    "        save_data[\"popts\"].append(popt)\n",
    "        save_data[\"pcovs\"].append(pcov)\n",
    "        save_data[\"significances\"].append(np.sqrt(q0))\n",
    "        save_data[\"filtered_masses\"].append(filtered_masses)\n",
    "        save_data[\"y_vals\"].append(y_vals)\n",
    "\n",
    "\n",
    "\n",
    "    line1 = f\"{num_bins_SR -1 } Bins in SR\"\n",
    "    line2 = f\"Fit Type: {fit_type.capitalize()} Polynomial\"\n",
    "    line3 = r\"Muon Iso_04 $\\geq$ 0.55\"\n",
    "    line4 = r\"~6% of Original Data\"\n",
    "\n",
    "    starting_x = 0.05\n",
    "    starting_y = 0.8\n",
    "    delta_y = 0.04\n",
    "    text_alpha = 0.75\n",
    "    ax.text(starting_x, starting_y - 0 * delta_y, line1, transform=ax.transAxes, fontsize=14, verticalalignment='top', alpha = text_alpha)\n",
    "    ax.text(starting_x, starting_y - 1 * delta_y, line2, transform=ax.transAxes, fontsize=14, verticalalignment='top', alpha = text_alpha)\n",
    "    ax.text(starting_x, starting_y - 2 * delta_y, line3, transform=ax.transAxes, fontsize=14, verticalalignment='top', alpha = text_alpha)\n",
    "    ax.text(starting_x, starting_y - 3 * delta_y, line4, transform=ax.transAxes, fontsize=14, verticalalignment='top', alpha = text_alpha)\n",
    "\n",
    "\n",
    "    legend_title = r\"$\\bf{CMS 2016 Open Data: Dimuons}$\"\n",
    "    plt.legend(loc = (0.465, 0.575), fontsize = 14, title = legend_title, title_fontsize = 16)\n",
    "\n",
    "\n",
    "    plt.axvline(SR_left, color= \"k\", lw = 3, zorder = 10)\n",
    "    plt.axvline(SR_right, color= \"k\", lw = 3, zorder = 10)\n",
    "\n",
    "    plt.xlabel(\"$M_{\\mu\\mu}$ [GeV]\", fontsize = 18)\n",
    "    plt.ylabel(\"Events\", fontsize = 18)\n",
    "\n",
    "    plt.yscale(\"log\")\n",
    "    # plt.ylim(0.5, 1e3)\n",
    "    plt.ylim(0.01, 1e5)\n",
    "\n",
    "    # Add more x ticks (major and minor)\n",
    "    plt.xticks(fontsize = 18)\n",
    "    plt.yticks(fontsize = 18)\n",
    "    plt.minorticks_on()\n",
    "    plt.tick_params(axis='x', which='minor', bottom=True)\n",
    "    plt.tick_params(axis='y', which='minor', left=True)\n",
    "\n",
    "    plot_upsilon_resonances(ax)\n",
    "    \n",
    "\n",
    "    # # Vertical Black Lines at boundaries of SR\n",
    "    # plt.axvline(SR_left, color = \"black\", linestyle = \"--\", lw = 2)\n",
    "    # plt.axvline(SR_right, color = \"black\", linestyle = \"--\", lw = 2)\n",
    "\n",
    "\n",
    "    # plt.title(title, fontsize = 24)\n",
    "    return save_data\n",
    "    \n"
   ]
  },
  {
   "cell_type": "code",
   "execution_count": 11,
   "id": "6ae69a3b-9910-4511-a6c1-61884b8b27de",
   "metadata": {
    "tags": []
   },
   "outputs": [
    {
     "name": "stdout",
     "output_type": "stream",
     "text": [
      "[[ 8.62018768e+05 -4.52943538e+05  9.14949672e+04 -8.90787916e+03\n",
      "   4.19663591e+02 -7.68330000e+00]\n",
      " [-4.52943538e+05  2.38799963e+05 -4.83883888e+04  4.72439881e+03\n",
      "  -2.23142036e+02  4.09474135e+00]\n",
      " [ 9.14949672e+04 -4.83883888e+04  9.83423645e+03 -9.62832308e+02\n",
      "   4.55927923e+01 -8.38610694e-01]\n",
      " [-8.90787916e+03  4.72439881e+03 -9.62832308e+02  9.45174796e+01\n",
      "  -4.48685789e+00  8.27216623e-02]\n",
      " [ 4.19663591e+02 -2.23142036e+02  4.55927923e+01 -4.48685789e+00\n",
      "   2.13507383e-01 -3.94526097e-03]\n",
      " [-7.68330000e+00  4.09474135e+00 -8.38610694e-01  8.27216623e-02\n",
      "  -3.94526097e-03  7.30607646e-05]]\n"
     ]
    },
    {
     "name": "stdout",
     "output_type": "stream",
     "text": [
      "[[ 2.09826996e+05 -1.10223469e+05  2.22567698e+04 -2.16578502e+03\n",
      "   1.01963137e+02 -1.86511598e+00]\n",
      " [-1.10223469e+05  5.80965849e+04 -1.17677132e+04  1.14833944e+03\n",
      "  -5.42000273e+01  9.93691095e-01]\n",
      " [ 2.22567698e+04 -1.17677132e+04  2.39069301e+03 -2.33938058e+02\n",
      "   1.10695896e+01 -2.03418382e-01]\n",
      " [-2.16578502e+03  1.14833944e+03 -2.33938058e+02  2.29519704e+01\n",
      "  -1.08873516e+00  2.00529222e-02]\n",
      " [ 1.01963137e+02 -5.42000273e+01  1.10695896e+01 -1.08873516e+00\n",
      "   5.17664639e-02 -9.55587926e-04]\n",
      " [-1.86511598e+00  9.93691095e-01 -2.03418382e-01  2.00529222e-02\n",
      "  -9.55587926e-04  1.76773362e-05]]\n",
      "[[ 8.31742908e+04 -4.37858380e+04  8.85855815e+03 -8.63475313e+02\n",
      "   4.07093629e+01 -7.45527491e-01]\n",
      " [-4.37858380e+04  2.31273608e+04 -4.69344058e+03  4.58757033e+02\n",
      "  -2.16822836e+01  3.97958784e-01]\n",
      " [ 8.85855815e+03 -4.69344058e+03  9.55271284e+02 -9.36252925e+01\n",
      "   4.43597997e+00 -8.16018286e-02]\n",
      " [-8.63475313e+02  4.58757033e+02 -9.36252925e+01  9.19970127e+00\n",
      "  -4.36928285e-01  8.05533332e-03]\n",
      " [ 4.07093629e+01 -2.16822836e+01  4.43597997e+00 -4.36928285e-01\n",
      "   2.07986672e-02 -3.84272047e-04]\n",
      " [-7.45527491e-01  3.97958784e-01 -8.16018286e-02  8.05533332e-03\n",
      "  -3.84272047e-04  7.11423287e-06]]\n",
      "[[ 5.72753594e+04 -3.01845453e+04  6.10963457e+03 -5.95517062e+02\n",
      "   2.80676787e+01 -5.13799859e-01]\n",
      " [-3.01845453e+04  1.59566142e+04 -3.23907563e+03  3.16546780e+02\n",
      "  -1.49546845e+01  2.74340889e-01]\n",
      " [ 6.10963457e+03 -3.23907563e+03  6.59332336e+02 -6.46019697e+01\n",
      "   3.05930247e+00 -5.62454474e-02]\n",
      " [-5.95517062e+02  3.16546780e+02 -6.46019697e+01  6.34549153e+00\n",
      "  -3.01202018e-01  5.54972610e-03]\n",
      " [ 2.80676787e+01 -1.49546845e+01  3.05930247e+00 -3.01202018e-01\n",
      "   1.43293213e-02 -2.64584254e-04]\n",
      " [-5.13799859e-01  2.74340889e-01 -5.62454474e-02  5.54972610e-03\n",
      "  -2.64584254e-04  4.89542822e-06]]\n",
      "[[ 7.48384734e+03 -3.98806404e+03  8.16117762e+02 -8.03936351e+01\n",
      "   3.82727785e+00 -7.07218046e-02]\n",
      " [-3.98806404e+03  2.13210716e+03 -4.37667247e+02  4.32377444e+01\n",
      "  -2.06385354e+00  3.82286150e-02]\n",
      " [ 8.16117762e+02 -4.37667247e+02  9.01157350e+01 -8.92854371e+00\n",
      "   4.27343972e-01 -7.93562686e-03]\n",
      " [-8.03936351e+01  4.32377444e+01 -8.92854371e+00  8.87141881e-01\n",
      "  -4.25762086e-02  7.92642718e-04]\n",
      " [ 3.82727785e+00 -2.06385354e+00  4.27343972e-01 -4.25762086e-02\n",
      "   2.04872117e-03 -3.82367507e-05]\n",
      " [-7.07218046e-02  3.82286150e-02 -7.93562686e-03  7.92642718e-04\n",
      "  -3.82367507e-05  7.15361779e-07]]\n",
      "[[ 3.43902662e+03 -1.84160431e+03  3.78734172e+02 -3.74911710e+01\n",
      "   1.79337515e+00 -3.32925366e-02]\n",
      " [-1.84160431e+03  9.89427194e+02 -2.04123399e+02  2.02661220e+01\n",
      "  -9.72069633e-01  1.80908170e-02]\n",
      " [ 3.78734172e+02 -2.04123399e+02  4.22433624e+01 -4.20667494e+00\n",
      "   2.02344775e-01 -3.77566340e-03]\n",
      " [-3.74911710e+01  2.02661220e+01 -4.20667494e+00  4.20145679e-01\n",
      "  -2.02666290e-02  3.79177365e-04]\n",
      " [ 1.79337515e+00 -9.72069633e-01  2.02344775e-01 -2.02666290e-02\n",
      "   9.80303161e-04 -1.83893066e-05]\n",
      " [-3.32925366e-02  1.80908170e-02 -3.77566340e-03  3.79177365e-04\n",
      "  -1.83893066e-05  3.45839368e-07]]\n",
      "[[ 6.20968927e+02 -3.32390731e+02  6.83906682e+01 -6.77764484e+00\n",
      "   3.24723647e-01 -6.03994336e-03]\n",
      " [-3.32390731e+02  1.78538346e+02 -3.68580242e+01  3.66425742e+00\n",
      "  -1.76075446e-01  3.28395687e-03]\n",
      " [ 6.83906682e+01 -3.68580242e+01  7.63444963e+00 -7.61431996e-01\n",
      "   3.67005551e-02 -6.86461220e-04]\n",
      " [-6.77764484e+00  3.66425742e+00 -7.61431996e-01  7.61853287e-02\n",
      "  -3.68344064e-03  6.90988140e-05]\n",
      " [ 3.24723647e-01 -1.76075446e-01  3.67005551e-02 -3.68344064e-03\n",
      "   1.78628705e-04 -3.36071323e-06]\n",
      " [-6.03994336e-03  3.28395687e-03 -6.86461220e-04  6.90988140e-05\n",
      "  -3.36071323e-06  6.34067928e-08]]\n",
      "Saved Data to plot_data/upsilon_OS_histogram_data_quintic_12.pickle\n"
     ]
    },
    {
     "data": {
